20 20
7 8 13 17 14 6 9 12 5 3 19 18 20 15 11 2 1 10 16 4 
12 18 2 7 5 1 19 16 10 6 4 8 15 13 20 14 3 9 11 17 
14 20 9 5 1 2 8 11 4 13 19 3 18 7 15 6 10 16 17 12 
1 7 9 8 3 19 12 13 5 10 17 16 2 6 15 18 20 14 4 11 
8 7 11 17 6 1 19 12 14 20 10 9 3 13 4 18 5 16 2 15 
5 8 10 9 3 14 20 7 19 2 6 11 16 17 18 4 15 1 12 13 
1 5 10 20 14 19 6 2 17 8 12 4 9 18 15 13 3 16 11 7 
18 17 2 5 11 20 8 9 16 10 7 4 1 13 15 19 3 6 12 14 
11 19 9 3 20 8 4 2 13 5 16 14 6 12 7 18 1 15 10 17 
1 4 7 10 11 6 19 17 18 14 8 13 5 2 3 12 16 9 20 15 
17 12 15 20 8 19 16 18 2 7 3 1 13 6 9 11 5 4 14 10 
18 2 20 15 5 17 11 10 9 12 8 4 13 7 3 14 6 1 16 19 
2 19 5 8 17 10 11 7 14 9 3 13 18 6 16 20 12 4 1 15 
15 9 5 1 16 19 4 14 8 7 13 6 18 20 2 17 10 11 12 3 
8 14 19 2 13 12 11 17 10 16 3 4 1 20 18 9 6 7 15 5 
2 7 20 11 15 19 8 17 3 6 16 13 1 14 10 5 9 12 18 4 
9 13 6 18 11 14 20 1 15 10 7 5 2 8 19 12 3 16 4 17 
15 4 1 6 10 9 2 5 20 12 14 16 19 3 7 17 18 8 11 13 
2 12 4 14 8 5 20 7 1 11 6 19 10 13 16 15 17 9 18 3 
16 15 20 4 1 18 13 2 9 14 7 8 12 5 10 17 6 19 3 11 
